 57438.00 -0.018598  0.334066 -0.0034741 
 57439.00 -0.019335  0.335605 -0.0048949 
 57440.00 -0.019960  0.337657 -0.0064383 
 57441.00 -0.020885  0.339868 -0.0080823 
 57442.00 -0.021604  0.342105 -0.0097997 
 57443.00 -0.021919  0.344387 -0.0115832 
 57444.00 -0.022051  0.346373 -0.0134268 
 57445.00 -0.022398  0.348482 -0.0152239 
 57446.00 -0.023253  0.350803 -0.0169733 
 57447.00 -0.024239  0.352838 -0.0186982 
 57448.00 -0.024828  0.354454 -0.0203728 
 57449.00 -0.024675  0.355995 -0.0220197 
 57450.00 -0.024065  0.357919 -0.0237096 
 57451.00 -0.023748  0.360236 -0.0254492 
 57452.00 -0.023768  0.362652 -0.0272435 
 57453.00 -0.023758  0.365082 -0.0291919 
 57454.00 -0.024040  0.367591 -0.0313167 
 57455.00 -0.024476  0.370079 -0.0335678 
 57456.00 -0.024847  0.372537 -0.0359248 
 57457.00 -0.025090  0.374927 -0.0383728 
 57458.00 -0.025112  0.377053 -0.0408700 
 57459.00 -0.025198  0.378985 -0.0432892 
 57460.00 -0.025212  0.380834 -0.0455873 
 57461.00 -0.024776  0.382682 -0.0477542 
 57462.00 -0.023956  0.384825 -0.0497769 
 57463.00 -0.022726  0.387163 -0.0516559 
 57464.00 -0.020804  0.389522 -0.0534740 
 57465.00 -0.018404  0.392024 -0.0552919 
 57466.00 -0.016202  0.394526 -0.0571504 
 57467.00 -0.014618  0.397016 -0.0590921 
 57468.00 -0.013784  0.399548 -0.0611064 
 57469.00 -0.013575  0.402067 -0.0631936 
 57470.00 -0.013662  0.404382 -0.0653009 
 57471.00 -0.013654  0.406440 -0.0673474 
 57472.00 -0.013277  0.408456 -0.0693616 
 57473.00 -0.012636  0.410526 -0.0713975 
 57474.00 -0.011872  0.412631 -0.0734069 
 57475.00 -0.011112  0.414560 -0.0753435 
 57476.00 -0.010279  0.416351 -0.0771919 
 57477.00 -0.009404  0.418065 -0.0789685 
 57478.00 -0.008785  0.419739 -0.0807079 
 57479.00 -0.008430  0.421252 -0.0824583 
 57480.00 -0.008107  0.422716 -0.0842537 
 57481.00 -0.007536  0.424191 -0.0861574 
 57482.00 -0.006441  0.425911 -0.0881607 
 57483.00 -0.004737  0.427913 -0.0903063 
 57484.00 -0.002617  0.429956 -0.0925841 
 57485.00 -0.000807  0.432250 -0.0949414 
 57486.00  0.000646  0.434764 -0.0972820 
 57487.00  0.002043  0.437096 -0.0995828 
 57488.00  0.003330  0.439091 -0.1017295 
 57489.00  0.004603  0.440979 -0.1036727 
 57490.00  0.006126  0.442721 -0.1054812 
 57491.00  0.007725  0.444243 -0.1071751 
 57492.00  0.009095  0.445731 -0.1087619 
 57493.00  0.010455  0.447515 -0.1103035 
 57494.00  0.011948  0.449681 -0.1119028 
 57495.00  0.013628  0.451935 -0.1135568 
 57496.00  0.015431  0.454103 -0.1152231 
 57497.00  0.017026  0.455826 -0.1169152 
 57498.00  0.018553  0.456847 -0.1186386 
 57499.00  0.020261  0.457689 -0.1203338 
 57500.00  0.022074  0.458768 -0.1219784 
 57501.00  0.024019  0.460261 -0.1235890 
 57502.00  0.025731  0.461905 -0.1251234 
 57503.00  0.027019  0.463557 -0.1265262 
 57504.00  0.028010  0.465370 -0.1278055 
 57505.00  0.028843  0.467040 -0.1290364 
 57506.00  0.029682  0.468572 -0.1303243 
 57507.00  0.030608  0.469898 -0.1317088 
 57508.00  0.032208  0.470965 -0.1332007 
 57509.00  0.034500  0.472336 -0.1348247 
 57510.00  0.036644  0.474026 -0.1365938 
 57511.00  0.038575  0.475561 -0.1385475 
 57512.00  0.040599  0.476861 -0.1406775 
 57513.00  0.042250  0.478040 -0.1428703 
 57514.00  0.043468  0.479113 -0.1450174 
 57515.00  0.044898  0.480269 -0.1470374 
 57516.00  0.046589  0.481566 -0.1488859 
 57517.00  0.048339  0.482884 -0.1505569 
 57518.00  0.050197  0.484143 -0.1520802 
 57519.00  0.052208  0.485323 -0.1534828 
 57520.00  0.054284  0.486390 -0.1548390 
 57521.00  0.056363  0.487357 -0.1562668 
 57522.00  0.058419  0.488225 -0.1578171 
 57523.00  0.060449  0.488830 -0.1594670 
 57524.00  0.062509  0.489187 -0.1611858 
 57525.00  0.064528  0.489691 -0.1629353 
 57526.00  0.066358  0.490395 -0.1646617 
 57527.00  0.067988  0.491223 -0.1663034 
 57528.00  0.069380  0.492184 -0.1678717 
 57529.00  0.070407  0.493099 -0.1693853 
 57530.00  0.071207  0.493673 -0.1708494 
 57531.00  0.072445  0.493880 -0.1723127 
 57532.00  0.074302  0.494241 -0.1737677 
 57533.00  0.076391  0.494864 -0.1751777 
 57534.00  0.078697  0.495501 -0.1765435 
 57535.00  0.080873  0.496114 -0.1779260 
 57536.00  0.082740  0.496564 -0.1793971 
 57537.00  0.084998  0.496699 -0.1809838 
 57538.00  0.087773  0.496607 -0.1827093 
 57539.00  0.090378  0.496568 -0.1845206 
 57540.00  0.092776  0.496697 -0.1863641 
 57541.00  0.095047  0.496968 -0.1882024 
 57542.00  0.097041  0.497218 -0.1899444 
 57543.00  0.098744  0.497425 -0.1914979 
 57544.00  0.100111  0.497509 -0.1928517 
 57545.00  0.101473  0.497600 -0.1940566 
 57546.00  0.102671  0.497871 -0.1951577 
 57547.00  0.103668  0.497938 -0.1961928 
 57548.00  0.104795  0.497717 -0.1971790 
 57549.00  0.106118  0.497178 -0.1981207 
 57550.00  0.107655  0.496377 -0.1990497 
 57551.00  0.109566  0.495370 -0.1999789 
 57552.00  0.112206  0.494359 -0.2008678 
 57553.00  0.115185  0.494110 -0.2016874 
 57554.00  0.117976  0.494531 -0.2024338 
 57555.00  0.120747  0.494801 -0.2030683 
 57556.00  0.123637  0.494565 -0.2035887 
 57557.00  0.126198  0.494028 -0.2040376 
 57558.00  0.128285  0.493217 -0.2043667 
 57559.00  0.130352  0.492276 -0.2046251 
 57560.00  0.132249  0.491487 -0.2048420 
 57561.00  0.134167  0.490753 -0.2050887 
 57562.00  0.136425  0.490215 -0.2054396 
 57563.00  0.138665  0.489601 -0.2058980 
 57564.00  0.140635  0.489016 -0.2065203 
 57565.00  0.142516  0.488715 -0.2073242 
 57566.00  0.144402  0.488172 -0.2082697 
 57567.00  0.146439  0.487250 -0.2093152 
 57568.00  0.148514  0.486341 -0.2104222 
 57569.00  0.150280  0.485345 -0.2114902 
 57570.00  0.152195  0.483963 -0.2124434 
 57571.00  0.154426  0.482659 -0.2133215 
 57572.00  0.156554  0.481624 -0.2141112 
 57573.00  0.158560  0.480624 -0.2147601 
 57574.00  0.160547  0.479591 -0.2153220 
 57575.00  0.162459  0.478503 -0.2158432 
 57576.00  0.164391  0.477392 -0.2163556 
 57577.00  0.166437  0.476347 -0.2169095 
 57578.00  0.168675  0.475159 -0.2175173 
 57579.00  0.171342  0.473738 -0.2181530 
 57580.00  0.174103  0.472350 -0.2186990 
 57581.00  0.176808  0.471201 -0.2191499 
 57582.00  0.179192  0.470257 -0.2195486 
 57583.00  0.180993  0.469248 -0.2198556 
 57584.00  0.182790  0.468067 -0.2200138 
 57585.00  0.184902  0.466778 -0.2200548 
 57586.00  0.187162  0.465542 -0.2200402 
 57587.00  0.189614  0.464331 -0.2200138 
 57588.00  0.192141  0.463125 -0.2200053 
 57589.00  0.194331  0.462023 -0.2200767 
 57590.00  0.196189  0.460953 -0.2202578 
 57591.00  0.198099  0.459791 -0.2205614 
 57592.00  0.200157  0.458663 -0.2209784 
 57593.00  0.202210  0.457630 -0.2214576 
 57594.00  0.204210  0.456734 -0.2220029 
 57595.00  0.206016  0.456006 -0.2226080 
 57596.00  0.207462  0.455165 -0.2232088 
 57597.00  0.208762  0.454249 -0.2237679 
 57598.00  0.210091  0.453170 -0.2242738 
 57599.00  0.211408  0.451913 -0.2247189 
 57600.00  0.212494  0.450637 -0.2251062 
 57601.00  0.213085  0.449407 -0.2254550 
 57602.00  0.213400  0.447985 -0.2258489 
 57603.00  0.214330  0.446206 -0.2263469 
 57604.00  0.215745  0.444660 -0.2269269 
 57605.00  0.217112  0.443361 -0.2275754 
 57606.00  0.218332  0.442098 -0.2282625 
 57607.00  0.219404  0.440642 -0.2289710 
 57608.00  0.220515  0.439149 -0.2296808 
 57609.00  0.221601  0.437701 -0.2303739 
 57610.00  0.222580  0.436117 -0.2310358 
 57611.00  0.223401  0.434291 -0.2316136 
 57612.00  0.224349  0.432106 -0.2320900 
 57613.00  0.225386  0.429814 -0.2324514 
 57614.00  0.225946  0.427484 -0.2327222 
 57615.00  0.226140  0.425021 -0.2329833 
 57616.00  0.226426  0.422513 -0.2333311 
 57617.00  0.226691  0.420262 -0.2338038 
 57618.00  0.226919  0.418171 -0.2344188 
 57619.00  0.227282  0.416166 -0.2352416 
 57620.00  0.227526  0.414242 -0.2362369 
 57621.00  0.227663  0.412257 -0.2373300 
 57622.00  0.227866  0.410236 -0.2384520 
 57623.00  0.228323  0.407970 -0.2395542 
 57624.00  0.229206  0.405790 -0.2405819 
 57625.00  0.230281  0.403878 -0.2415045 
 57626.00  0.231389  0.401995 -0.2423346 
 57627.00  0.232521  0.399920 -0.2430716 
 57628.00  0.233729  0.397746 -0.2437362 
 57629.00  0.234712  0.395692 -0.2443410 
 57630.00  0.235400  0.393368 -0.2449678 
 57631.00  0.235950  0.391106 -0.2456866 
 57632.00  0.236452  0.389340 -0.2464680 
 57633.00  0.236801  0.388089 -0.2472995 
 57634.00  0.236616  0.387068 -0.2481848 
 57635.00  0.235982  0.385753 -0.2491269 
 57636.00  0.235165  0.384066 -0.2500938 
 57637.00  0.234558  0.382167 -0.2510394 
 57638.00  0.234369  0.380156 -0.2519265 
 57639.00  0.234461  0.377976 -0.2527542 
 57640.00  0.234676  0.375789 -0.2535186 
 57641.00  0.234640  0.373783 -0.2542021 
 57642.00  0.234678  0.371801 -0.2549001 
 57643.00  0.235111  0.369854 -0.2556401 
 57644.00  0.235694  0.367919 -0.2564145 
 57645.00  0.236063  0.366152 -0.2572506 
 57646.00  0.236352  0.364421 -0.2583043 
 57647.00  0.236857  0.362510 -0.2595533 
 57648.00  0.237282  0.360573 -0.2609443 
 57649.00  0.237497  0.358772 -0.2624134 
 57650.00  0.237468  0.357020 -0.2639107 
 57651.00  0.237290  0.355140 -0.2653749 
 57652.00  0.236948  0.353136 -0.2667486 
 57653.00  0.236604  0.351019 -0.2679838 
 57654.00  0.236299  0.348986 -0.2691180 
 57655.00  0.235717  0.346908 -0.2701982 
 57656.00  0.235144  0.344580 -0.2712654 
 57657.00  0.234773  0.342203 -0.2723927 
 57658.00  0.234179  0.339750 -0.2735856 
 57659.00  0.233717  0.337048 -0.2748258 
 57660.00  0.233891  0.334546 -0.2761622 
 57661.00  0.234055  0.332668 -0.2775843 
 57662.00  0.233612  0.331078 -0.2789880 
 57663.00  0.232637  0.329556 -0.2803473 
 57664.00  0.231299  0.327916 -0.2816125 
 57665.00  0.229551  0.326241 -0.2827833 
 57666.00  0.227417  0.324703 -0.2838981 
 57667.00  0.225281  0.323036 -0.2849525 
 57668.00  0.223414  0.321392 -0.2859432 
 57669.00  0.221824  0.319602 -0.2869081 
 57670.00  0.220953  0.317769 -0.2878806 
 57671.00  0.220792  0.315983 -0.2889402 
 57672.00  0.220715  0.314148 -0.2901596 
 57673.00  0.220461  0.312555 -0.2915733 
 57674.00  0.220003  0.311310 -0.2931904 
 57675.00  0.218997  0.310358 -0.2950207 
 57676.00  0.217375  0.309281 -0.2970289 
 57677.00  0.215456  0.307900 -0.2991222 
 57678.00  0.213496  0.306142 -0.3011813 
 57679.00  0.211722  0.304100 -0.3031012 
 57680.00  0.209946  0.302131 -0.3048658 
 57681.00  0.208051  0.300103 -0.3064672 
 57682.00  0.206165  0.298212 -0.3079163 
 57683.00  0.204273  0.296497 -0.3093247 
 57684.00  0.202748  0.294870 -0.3107527 
 57685.00  0.201413  0.293514 -0.3121753 
 57686.00  0.200024  0.291849 -0.3136020 
 57687.00  0.198701  0.289926 -0.3150701 
 57688.00  0.196980  0.288269 -0.3165397 
 57689.00  0.194861  0.286810 -0.3180114 
 57690.00  0.192936  0.285547 -0.3195067 
 57691.00  0.191484  0.284598 -0.3210039 
 57692.00  0.190108  0.283644 -0.3224535 
 57693.00  0.188711  0.282543 -0.3238261 
 57694.00  0.187240  0.281562 -0.3251397 
 57695.00  0.185937  0.280485 -0.3264010 
 57696.00  0.184996  0.279505 -0.3276343 
 57697.00  0.183802  0.279062 -0.3288792 
 57698.00  0.181940  0.278949 -0.3302065 
 57699.00  0.179387  0.278784 -0.3316794 
 57700.00  0.176438  0.278355 -0.3332782 
 57701.00  0.173616  0.277726 -0.3350137 
 57702.00  0.171329  0.277089 -0.3369097 
 57703.00  0.169374  0.276408 -0.3389546 
 57704.00  0.167413  0.275424 -0.3411056 
 57705.00  0.165515  0.274331 -0.3432441 
 57706.00  0.163511  0.273305 -0.3452680 
 57707.00  0.161304  0.272286 -0.3471092 
 57708.00  0.158922  0.271458 -0.3487020 
 57709.00  0.156722  0.270851 -0.3500826 
 57710.00  0.154998  0.270484 -0.3513689 
 57711.00  0.153245  0.270277 -0.3526342 
 57712.00  0.150936  0.270021 -0.3539508 
 57713.00  0.148299  0.269553 -0.3553368 
 57714.00  0.146002  0.269042 -0.3568147 
 57715.00  0.144085  0.268701 -0.3583412 
 57716.00  0.142529  0.268473 -0.3599074 
 57717.00  0.141284  0.268418 -0.3614896 
 57718.00  0.140218  0.268408 -0.3630433 
 57719.00  0.138969  0.268585 -0.3645220 
 57720.00  0.136960  0.268719 -0.3659111 
 57721.00  0.134451  0.268404 -0.3672204 
 57722.00  0.132038  0.267932 -0.3684809 
 57723.00  0.129877  0.267438 -0.3697118 
 57724.00  0.127943  0.267069 -0.3709273 
 57725.00  0.126018  0.266852 -0.3721340 
 57726.00  0.124144  0.266561 -0.3733496 
 57727.00  0.122400  0.266323 -0.3746560 
 57728.00  0.120762  0.266046 -0.3760561 
 57729.00  0.119509  0.265747 -0.3775563 
 57730.00  0.118683  0.265579 -0.3791805 
 57731.00  0.118233  0.265669 -0.3809213 
 57732.00  0.118064  0.265967 -0.3827371 
 57733.00  0.117989  0.266350 -0.3845243 
 57734.00  0.117531  0.266857 -0.3861955 
 57735.00  0.116352  0.267285 -0.3877093 
 57736.00  0.114693  0.267425 -0.3890328 
 57737.00  0.113060  0.267441 -0.3902606 
 57738.00  0.111785  0.267189 -0.3914992 
 57739.00  0.110790  0.266614 -0.3927673 
 57740.00  0.109714  0.266122 -0.3940315 
 57741.00  0.108377  0.265945 -0.3952911 
 57742.00  0.106396  0.266022 -0.3965697 
 57743.00  0.103656  0.265953 -0.3978441 
 57744.00  0.100765  0.265683 -0.3991113 
 57745.00  0.098066  0.265225 -0.4003474 
 57746.00  0.095595  0.264713 -0.4015149 
 57747.00  0.093327  0.264562 -0.4025870 
 57748.00  0.091178  0.264613 -0.4035610 
 57749.00  0.089086  0.264660 -0.4044606 
 57750.00  0.086815  0.264655 -0.4052922 
 57751.00  0.084640  0.264214 -0.4060991 
 57752.00  0.082885  0.263560 -0.4069266 
 57753.00  0.081403  0.263116 -0.4077703 
 57754.00  0.080508  0.263167  0.5912796 
 57755.00  0.080288  0.263625  0.5901818 
 57756.00  0.080269  0.264023  0.5889438 
 57757.00  0.080003  0.264305  0.5875547 
 57758.00  0.078838  0.264772  0.5860071 
 57759.00  0.076775  0.265037  0.5844148 
 57760.00  0.075024  0.265100  0.5828314 
 57761.00  0.073610  0.265338  0.5812944 
 57762.00  0.072309  0.265439  0.5798461 
 57763.00  0.070919  0.265651  0.5785175 
 57764.00  0.069166  0.266092  0.5773132 
 57765.00  0.067228  0.266785  0.5761498 
 57766.00  0.065527  0.267622  0.5749678 
 57767.00  0.064013  0.268531  0.5737368 
 57768.00  0.062086  0.269388  0.5724293 
 57769.00  0.059668  0.270155  0.5710729 
 57770.00  0.056616  0.270784  0.5697319 
 57771.00  0.053235  0.271145  0.5684645 
 57772.00  0.049878  0.271591  0.5672587 
 57773.00  0.046824  0.272103  0.5661375 
 57774.00  0.044301  0.272818  0.5650669 
 57775.00  0.042326  0.273638  0.5640457 
 57776.00  0.040841  0.274605  0.5631022 
 57777.00  0.039587  0.275711  0.5622494 
 57778.00  0.038423  0.276681  0.5614456 
 57779.00  0.037055  0.277680  0.5606581 
 57780.00  0.035661  0.278560  0.5598585 
 57781.00  0.034433  0.279510  0.5589743 
 57782.00  0.033213  0.280626  0.5579780 
 57783.00  0.032266  0.281689  0.5568334 
 57784.00  0.031684  0.282712  0.5555637 
 57785.00  0.031195  0.283709  0.5541809 
 57786.00  0.030793  0.284677  0.5527254 
 57787.00  0.030469  0.285701  0.5512550 
 57788.00  0.030003  0.286923  0.5498239 
 57789.00  0.029226  0.288340  0.5484639 
 57790.00  0.027834  0.289713  0.5471820 
 57791.00  0.025765  0.290916  0.5459515 
 57792.00  0.023514  0.292004  0.5447662 
 57793.00  0.021460  0.293101  0.5435583 
 57794.00  0.019692  0.294094  0.5422605 
 57795.00  0.018117  0.295084  0.5408493 
 57796.00  0.016541  0.296154  0.5393072 
 57797.00  0.015004  0.297111  0.5376710 
 57798.00  0.013591  0.298040  0.5359945 
 57799.00  0.012179  0.298954  0.5343286 
 57800.00  0.010667  0.299896  0.5327034 
 57801.00  0.009151  0.300677  0.5311804 
 57802.00  0.008113  0.301522  0.5297985 
 57803.00  0.007642  0.302955  0.5286084 
 57804.00  0.007308  0.304796  0.5275613 
 57805.00  0.006838  0.306868  0.5266032 
 57806.00  0.006353  0.308976  0.5256863 
 57807.00  0.006322  0.311055  0.5247399 
 57808.00  0.006449  0.313463  0.5237006 
 57809.00  0.006301  0.315836  0.5226018 
 57810.00  0.005810  0.317655  0.5213931 
 57811.00  0.005067  0.319191  0.5200522 
 57812.00  0.004488  0.320841  0.5185524 
 57813.00  0.004279  0.322742  0.5169322 
 57814.00  0.004468  0.324560  0.5152947 
 57815.00  0.004749  0.326424  0.5137344 
 57816.00  0.004928  0.328356  0.5122583 
 57817.00  0.004984  0.330113  0.5108589 
 57818.00  0.004618  0.331877  0.5095471 
 57819.00  0.003892  0.333547  0.5083140 
 57820.00  0.003435  0.334983  0.5070451 
 57821.00  0.003587  0.336288  0.5057150 
 57822.00  0.004056  0.337776  0.5043150 
 57823.00  0.004504  0.339536  0.5028468 
 57824.00  0.004602  0.341438  0.5012894 
 57825.00  0.004391  0.343098  0.4996542 
 57826.00  0.004145  0.344504  0.4979562 
 57827.00  0.003990  0.345901  0.4963054 
 57828.00  0.003989  0.347250  0.4947806 
 57829.00  0.004126  0.348949  0.4933913 
 57830.00  0.004460  0.350996  0.4921129 
 57831.00  0.004876  0.353211  0.4909235 
 57832.00  0.005227  0.355652  0.4897901 
 57833.00  0.005415  0.358030  0.4886531 
 57834.00  0.005670  0.360274  0.4874888 
 57835.00  0.005862  0.362588  0.4862363 
 57836.00  0.005500  0.364812  0.4848451 
 57837.00  0.005041  0.366665  0.4833670 
 57838.00  0.004918  0.368406  0.4817075 
 57839.00  0.004970  0.370247  0.4798958 
 57840.00  0.005046  0.371992  0.4779928 
 57841.00  0.005284  0.373535  0.4760002 
 57842.00  0.005310  0.375016  0.4740207 
 57843.00  0.005058  0.376304  0.4721679 
 57844.00  0.005305  0.377605  0.4704649 
 57845.00  0.005763  0.378964  0.4688957 
 57846.00  0.006290  0.379899  0.4674751 
 57847.00  0.007208  0.380932  0.4661443 
 57848.00  0.008392  0.382579  0.4648019 
 57849.00  0.009576  0.384588  0.4634195 
 57850.00  0.010346  0.386578  0.4619041 
 57851.00  0.010563  0.388417  0.4602968 
 57852.00  0.010638  0.390127  0.4586346 
 57853.00  0.011028  0.391835  0.4569805 
 57854.00  0.011618  0.393579  0.4553975 
 57855.00  0.012525  0.395194  0.4538329 
 57856.00  0.014219  0.396881  0.4522510 
 57857.00  0.016294  0.398867  0.4506977 
 57858.00  0.018184  0.401112  0.4492087 
 57859.00  0.019736  0.403500  0.4477842 
 57860.00  0.021185  0.405730  0.4463540 
 57861.00  0.022669  0.407755  0.4448932 
 57862.00  0.023831  0.409726  0.4434106 
 57863.00  0.024775  0.411343  0.4418986 
 57864.00  0.026138  0.412886  0.4403499 
 57865.00  0.027846  0.415024  0.4386255 
 57866.00  0.029120  0.417524  0.4367168 
 57867.00  0.029817  0.419736  0.4346360 
 57868.00  0.030560  0.421606  0.4324518 
 57869.00  0.031458  0.423223  0.4302529 
 57870.00  0.032283  0.424580  0.4281322 
 57871.00  0.033266  0.425953  0.4262479 
 57872.00  0.034668  0.427591  0.4245812 
 57873.00  0.036294  0.429473  0.4230986 
 57874.00  0.037904  0.431306  0.4217080 
 57875.00  0.039385  0.432889  0.4203346 
 57876.00  0.040528  0.434180  0.4189590 
 57877.00  0.041654  0.435243  0.4175681 
 57878.00  0.043191  0.436550  0.4161025 
 57879.00  0.045161  0.437871  0.4145282 
 57880.00  0.047673  0.439068  0.4128983 
 57881.00  0.050016  0.440461  0.4113304 
 57882.00  0.051983  0.441802  0.4099191 
 57883.00  0.053986  0.443092  0.4085745 
 57884.00  0.056255  0.444429  0.4072894 
 57885.00  0.058551  0.445900  0.4060894 
 57886.00  0.060725  0.447280  0.4049745 
 57887.00  0.062870  0.448431  0.4039236 
 57888.00  0.064807  0.449308  0.4029550 
 57889.00  0.066753  0.449835  0.4019887 
 57890.00  0.068688  0.450260  0.4009064 
 57891.00  0.070592  0.450781  0.3997680 
 57892.00  0.072535  0.451771  0.3985654 
 57893.00  0.074402  0.452867  0.3972698 
 57894.00  0.076371  0.453691  0.3958452 
 57895.00  0.078288  0.454468  0.3942839 
 57896.00  0.079809  0.455091  0.3926231 
 57897.00  0.081094  0.455471  0.3909247 
 57898.00  0.082443  0.455679  0.3893002 
 57899.00  0.083941  0.455943  0.3878235 
 57900.00  0.085553  0.456275  0.3865286 
 57901.00  0.087531  0.456404  0.3854217 
 57902.00  0.089887  0.456594  0.3843687 
 57903.00  0.092103  0.457059  0.3832434 
 57904.00  0.094022  0.457365  0.3820214 
 57905.00  0.095918  0.457538  0.3807056 
 57906.00  0.097786  0.457817  0.3793362 
 57907.00  0.099513  0.458218  0.3779635 
 57908.00  0.101157  0.458530  0.3766605 
 57909.00  0.102631  0.458552  0.3754501 
 57910.00  0.103973  0.458458  0.3743424 
 57911.00  0.105370  0.458315  0.3733739 
 57912.00  0.106892  0.458090  0.3725845 
 57913.00  0.108404  0.457821  0.3719612 
 57914.00  0.109921  0.457543  0.3714572 
 57915.00  0.111469  0.457271  0.3710273 
 57916.00  0.112989  0.457127  0.3706244 
 57917.00  0.114556  0.457246  0.3702458 
 57918.00  0.116299  0.457393  0.3698375 
 57919.00  0.118332  0.457338  0.3693315 
 57920.00  0.120519  0.457114  0.3687338 
 57921.00  0.122488  0.456731  0.3680611 
 57922.00  0.124139  0.456256  0.3672772 
 57923.00  0.125807  0.455780  0.3664524 
 57924.00  0.127888  0.455366  0.3656213 
 57925.00  0.130435  0.455041  0.3647905 
 57926.00  0.133184  0.454785  0.3640466 
 57927.00  0.135663  0.454639  0.3634573 
 57928.00  0.137911  0.454493  0.3630088 
 57929.00  0.139848  0.454336  0.3626228 
 57930.00  0.141570  0.454101  0.3622216 
 57931.00  0.143179  0.453757  0.3617637 
 57932.00  0.144746  0.453301  0.3612453 
 57933.00  0.146292  0.452775  0.3606859 
 57934.00  0.147813  0.452258  0.3601159 
 57935.00  0.149314  0.451774  0.3595716 
 57936.00  0.150807  0.451293  0.3590845 
 57937.00  0.152316  0.450773  0.3586945 
 57938.00  0.153842  0.450198  0.3584241 
 57939.00  0.155340  0.449575  0.3582678 
 57940.00  0.156779  0.448921  0.3582340 
 57941.00  0.158164  0.448248  0.3582902 
 57942.00  0.159538  0.447547  0.3583916 
 57943.00  0.160938  0.446809  0.3584948 
 57944.00  0.162375  0.446031  0.3585501 
 57945.00  0.163833  0.445227  0.3585150 
 57946.00  0.165288  0.444416  0.3583448 
 57947.00  0.166718  0.443606  0.3580100 
 57948.00  0.168109  0.442794  0.3575065 
 57949.00  0.169457  0.441965  0.3568523 
 57950.00  0.170766  0.441102  0.3560948 
 57951.00  0.172042  0.440204  0.3552980 
 57952.00  0.173294  0.439280  0.3545160 
 57953.00  0.174525  0.438337  0.3538009 
 57954.00  0.175738  0.437381  0.3531944 
 57955.00  0.176934  0.436407  0.3527001 
 57956.00  0.178115  0.435413  0.3522741 
 57957.00  0.179276  0.434395  0.3518500 
 57958.00  0.180412  0.433357  0.3513720 
 57959.00  0.181520  0.432301  0.3508052 
 57960.00  0.182603  0.431228  0.3501560 
 57961.00  0.183663  0.430136  0.3494602 
 57962.00  0.184702  0.429024  0.3487602 
 57963.00  0.185722  0.427889  0.3481087 
 57964.00  0.186724  0.426734  0.3475417 
 57965.00  0.187706  0.425563  0.3470808 
 57966.00  0.188669  0.424378  0.3467327 
 57967.00  0.189607  0.423180  0.3464858 
 57968.00  0.190521  0.421967  0.3463213 
 57969.00  0.191407  0.420739  0.3462114 
 57970.00  0.192266  0.419495  0.3461196 
 57971.00  0.193099  0.418236  0.3459983 
 57972.00  0.193906  0.416962  0.3458053 
 57973.00  0.194689  0.415675  0.3455039 
 57974.00  0.195446  0.414374  0.3450690 
 57975.00  0.196179  0.413060  0.3444951 
 57976.00  0.196886  0.411733  0.3437932 
 57977.00  0.197566  0.410394  0.3430013 
 57978.00  0.198219  0.409043  0.3421736 
 57979.00  0.198845  0.407681  0.3413655 
 57980.00  0.199444  0.406308  0.3406247 
 57981.00  0.200016  0.404924  0.3399810 
 57982.00  0.200560  0.403529  0.3394373 
 57983.00  0.201077  0.402123  0.3389631 
 57984.00  0.201568  0.400708  0.3385023 
 57985.00  0.202031  0.399284  0.3379933 
 57986.00  0.202467  0.397851  0.3373889 
 57987.00  0.202875  0.396410  0.3366723 
 57988.00  0.203255  0.394961  0.3358609 
 57989.00  0.203606  0.393505  0.3349993 
 57990.00  0.203929  0.392043  0.3341455 
 57991.00  0.204223  0.390573  0.3333478 
 57992.00  0.204489  0.389098  0.3326401 
 57993.00  0.204726  0.387617  0.3320405 
 57994.00  0.204934  0.386130  0.3315520 
 57995.00  0.205114  0.384639  0.3311605 
 57996.00  0.205265  0.383144  0.3308390 
 57997.00  0.205387  0.381644  0.3305481 
 57998.00  0.205480  0.380142  0.3302404 
 57999.00  0.205544  0.378636  0.3298691 
 58000.00  0.205579  0.377128  0.3293880 
 58001.00  0.205585  0.375618  0.3287559 
 58002.00  0.205561  0.374106  0.3279492 
 58003.00  0.205509  0.372593  0.3269719 
 58004.00  0.205428  0.371079  0.3258591 
 58005.00  0.205317  0.369564  0.3246718 
 58006.00  0.205178  0.368050  0.3234811 
 58007.00  0.205010  0.366537  0.3223507 
 58008.00  0.204813  0.365025  0.3213201 
 58009.00  0.204587  0.363514  0.3203955 
 58010.00  0.204331  0.362005  0.3195503 
 58011.00  0.204048  0.360499  0.3187330 
 58012.00  0.203735  0.358996  0.3178814 
 58013.00  0.203394  0.357495  0.3169395 
 58014.00  0.203024  0.355999  0.3158747 
 58015.00  0.202626  0.354507  0.3146897 
 58016.00  0.202199  0.353020  0.3134184 
 58017.00  0.201744  0.351537  0.3121125 
 58018.00  0.201262  0.350061  0.3108272 
 58019.00  0.200751  0.348590  0.3096085 
 58020.00  0.200212  0.347126  0.3084848 
 58021.00  0.199645  0.345669  0.3074660 
 58022.00  0.199051  0.344219  0.3065461 
 58023.00  0.198430  0.342777  0.3057032 
 58024.00  0.197781  0.341343  0.3049032 
 58025.00  0.197106  0.339917  0.3041028 
 58026.00  0.196403  0.338501  0.3032546 
 58027.00  0.195674  0.337094  0.3023133 
 58028.00  0.194917  0.335698  0.3012390 
 58029.00  0.194134  0.334312  0.3000015 
 58030.00  0.193325  0.332937  0.2985903 
 58031.00  0.192491  0.331573  0.2970223 
 58032.00  0.191630  0.330220  0.2953461 
 58033.00  0.190745  0.328880  0.2936362 
 58034.00  0.189834  0.327552  0.2919735 
 58035.00  0.188899  0.326236  0.2903864 
 58036.00  0.187939  0.324934  0.2889305 
 58037.00  0.186955  0.323646  0.2875878 
 58038.00  0.185947  0.322371  0.2863091 
 58039.00  0.184915  0.321111  0.2850315 
 58040.00  0.183859  0.319866  0.2836970 
 58041.00  0.182781  0.318636  0.2822664 
 58042.00  0.181680  0.317421  0.2807288 
 58043.00  0.180557  0.316222  0.2791029 
 58044.00  0.179411  0.315040  0.2774304 
 58045.00  0.178243  0.313874  0.2757638 
 58046.00  0.177054  0.312725  0.2741529 
 58047.00  0.175844  0.311594  0.2726352 
 58048.00  0.174613  0.310480  0.2712308 
 58049.00  0.173362  0.309384  0.2699423 
 58050.00  0.172091  0.308306  0.2687560 
 58051.00  0.170799  0.307247  0.2676436 
 58052.00  0.169489  0.306207  0.2665649 
 58053.00  0.168160  0.305187  0.2654731 
 58054.00  0.166812  0.304186  0.2643213 
 58055.00  0.165446  0.303205  0.2630669 
 58056.00  0.164062  0.302244  0.2616763 
 58057.00  0.162660  0.301304  0.2601282 
 58058.00  0.161242  0.300385  0.2584215 
 58059.00  0.159807  0.299487  0.2565843 
 58060.00  0.158356  0.298610  0.2546763 
 58061.00  0.156890  0.297755  0.2527785 
 58062.00  0.155408  0.296921  0.2509705 
 58063.00  0.153911  0.296110  0.2493033 
 58064.00  0.152400  0.295322  0.2477819 
 58065.00  0.150874  0.294556  0.2463675 
 58066.00  0.149336  0.293813  0.2449962 
 58067.00  0.147784  0.293093  0.2436037 
 58068.00  0.146219  0.292397  0.2421453 
 58069.00  0.144643  0.291724  0.2406054 
 58070.00  0.143054  0.291075  0.2389963 
 58071.00  0.141455  0.290450  0.2373515 
 58072.00  0.139844  0.289850  0.2357156 
 58073.00  0.138223  0.289273  0.2341341 
 58074.00  0.136593  0.288722  0.2326445 
 58075.00  0.134953  0.288195  0.2312708 
 58076.00  0.133304  0.287693  0.2300215 
 58077.00  0.131647  0.287216  0.2288894 
 58078.00  0.129981  0.286764  0.2278534 
 58079.00  0.128309  0.286338  0.2268798 
 58080.00  0.126629  0.285938  0.2259255 
 58081.00  0.124943  0.285563  0.2249430 
 58082.00  0.123251  0.285214  0.2238880 
 58083.00  0.121554  0.284891  0.2227244 
 58084.00  0.119851  0.284594  0.2214269 
 58085.00  0.118145  0.284323  0.2199847 
 58086.00  0.116434  0.284078  0.2184068 
 58087.00  0.114720  0.283860  0.2167287 
 58088.00  0.113002  0.283668  0.2150125 
 58089.00  0.111283  0.283502  0.2133362 
 58090.00  0.109561  0.283363  0.2117683 
 58091.00  0.107838  0.283251  0.2103413 
 58092.00  0.106114  0.283165  0.2090399 
 58093.00  0.104390  0.283106  0.2078095 
 58094.00  0.102666  0.283074  0.2065811 
 58095.00  0.100942  0.283068  0.2053004 
 58096.00  0.099219  0.283089  0.2039447 
 58097.00  0.097498  0.283137  0.2025254 
 58098.00  0.095780  0.283212  0.2010781 
 58099.00  0.094063  0.283313  0.1996482 
 58100.00  0.092350  0.283442  0.1982798 
 58101.00  0.090641  0.283596  0.1970088 
 58102.00  0.088936  0.283778  0.1958587 
 58103.00  0.087235  0.283986  0.1948396 
 58104.00  0.085540  0.284221  0.1939474 
 58105.00  0.083850  0.284482  0.1931651 
 58106.00  0.082166  0.284770  0.1924642 
 58107.00  0.080489  0.285084  0.1918074 
 58108.00  0.078820  0.285425  0.1911519 
 58109.00  0.077157  0.285792  0.1904549 
 58110.00  0.075503  0.286185  0.1896799 
 58111.00  0.073858  0.286604  0.1888016 
 58112.00  0.072222  0.287049  0.1878083 
 58113.00  0.070595  0.287519  0.1867022 
 58114.00  0.068978  0.288016  0.1855008 
 58115.00  0.067372  0.288538  0.1842391 
 58116.00  0.065777  0.289085  0.1829668 
 58117.00  0.064194  0.289658  0.1817371 
 58118.00  0.062623  0.290255  0.1805872 
 58119.00  0.061063  0.290878  0.1795201 
 58120.00  0.059517  0.291526  0.1784992 
 58121.00  0.057985  0.292198  0.1774611 
 58122.00  0.056466  0.292894  0.1763428 
 58123.00  0.054961  0.293615  0.1751092 
 58124.00  0.053471  0.294360  0.1737664 
 58125.00  0.051996  0.295128  0.1723567 
 58126.00  0.050537  0.295920  0.1709405 
 58127.00  0.049094  0.296736  0.1695759 
 58128.00  0.047668  0.297574  0.1683061 
 58129.00  0.046258  0.298436  0.1671554 
 58130.00  0.044865  0.299320  0.1661299 
 58131.00  0.043491  0.300227  0.1652207 
 58132.00  0.042134  0.301156  0.1644058 
 58133.00  0.040796  0.302106  0.1636533 
 58134.00  0.039477  0.303079  0.1629235 
 58135.00  0.038178  0.304072  0.1621726 
 58136.00  0.036898  0.305087  0.1613558 
 58137.00  0.035638  0.306123  0.1604323 
 58138.00  0.034399  0.307179  0.1593722 
 58139.00  0.033180  0.308255  0.1581633 
 58140.00  0.031983  0.309351  0.1568104 
 58141.00  0.030807  0.310467  0.1553299 
 58142.00  0.029654  0.311602  0.1537509 
 58143.00  0.028522  0.312756  0.1521200 
 58144.00  0.027413  0.313928  0.1504928 
 58145.00  0.026328  0.315119  0.1489212 
 58146.00  0.025265  0.316328  0.1474461 
 58147.00  0.024226  0.317554  0.1460702 
 58148.00  0.023211  0.318798  0.1447423 
 58149.00  0.022220  0.320058  0.1433753 
 58150.00  0.021254  0.321335  0.1418964 
 58151.00  0.020313  0.322628  0.1402849 
 58152.00  0.019396  0.323937  0.1385891 
 58153.00  0.018505  0.325261  0.1368867 
 58154.00  0.017640  0.326600  0.1352435 
 58155.00  0.016801  0.327954  0.1337037 
 58156.00  0.015987  0.329322  0.1323339 
 58157.00  0.015200  0.330703  0.1311280 
 58158.00  0.014440  0.332099  0.1300868 
 58159.00  0.013707  0.333507  0.1291646 
 58160.00  0.013000  0.334928  0.1283174 
 58161.00  0.012321  0.336361  0.1274411 
 58162.00  0.011670  0.337806  0.1264767 
 58163.00  0.011046  0.339262  0.1254190 
 58164.00  0.010450  0.340730  0.1242241 
 58165.00  0.009883  0.342208  0.1228695 
 58166.00  0.009343  0.343695  0.1213723 
 58167.00  0.008832  0.345193  0.1197252 
 58168.00  0.008350  0.346700  0.1179488 
 58169.00  0.007896  0.348216  0.1160777 
 58170.00  0.007471  0.349740  0.1141878 
 58171.00  0.007075  0.351271  0.1123943 
 58172.00  0.006709  0.352811  0.1107205 
 58173.00  0.006371  0.354357  0.1091576 
 58174.00  0.006063  0.355910  0.1076906 
 58175.00  0.005785  0.357469  0.1062755 
 58176.00  0.005536  0.359034  0.1048503 
 58177.00  0.005316  0.360604  0.1033278 
 58178.00  0.005126  0.362179  0.1016822 
 58179.00  0.004966  0.363758  0.0999422 
 58180.00  0.004836  0.365341  0.0981459 
 58181.00  0.004736  0.366927  0.0963130 
 58182.00  0.004665  0.368516  0.0944907 
 58183.00  0.004625  0.370108  0.0927594 
 58184.00  0.004614  0.371702  0.0911118 
 58185.00  0.004634  0.373297  0.0895631 
 58186.00  0.004683  0.374893  0.0881635 
 58187.00  0.004762  0.376490  0.0868797 
 58188.00  0.004871  0.378087  0.0856199 
 58189.00  0.005010  0.379683  0.0843698 
 58190.00  0.005179  0.381279  0.0830942 
 58191.00  0.005378  0.382874  0.0817202 
 58192.00  0.005607  0.384466  0.0802310 
 58193.00  0.005865  0.386057  0.0786221 
 58194.00  0.006153  0.387645  0.0768974 
 58195.00  0.006470  0.389230  0.0750660 
 58196.00  0.006817  0.390811  0.0731584 
 58197.00  0.007194  0.392388  0.0712548 
 58198.00  0.007599  0.393960  0.0694293 
 58199.00  0.008034  0.395528  0.0677085 
 58200.00  0.008498  0.397090  0.0660836 
 58201.00  0.008990  0.398646  0.0645534 
 58202.00  0.009512  0.400196  0.0630718 
 58203.00  0.010062  0.401739  0.0615985 
 58204.00  0.010640  0.403275  0.0600744 
 58205.00  0.011247  0.404803  0.0583982 
 58206.00  0.011882  0.406322  0.0565298 
 58207.00  0.012545  0.407834  0.0545127 
 58208.00  0.013236  0.409336  0.0523975 
 58209.00  0.013954  0.410828  0.0503314 
 58210.00  0.014700  0.412311  0.0483708 
 58211.00  0.015472  0.413784  0.0465076 
 58212.00  0.016272  0.415245  0.0447944 
 58213.00  0.017098  0.416695  0.0432568 
 58214.00  0.017951  0.418134  0.0418501 
 58215.00  0.018830  0.419561  0.0405551 
 58216.00  0.019735  0.420975  0.0393295 
 58217.00  0.020665  0.422376  0.0381125 
 58218.00  0.021621  0.423764  0.0368910 
 58219.00  0.022603  0.425138  0.0356250 
 58220.00  0.023609  0.426498  0.0342579 
 58221.00  0.024639  0.427843  0.0327304 
 58222.00  0.025694  0.429174  0.0310403 
 58223.00  0.026773  0.430489  0.0292406 
 58224.00  0.027875  0.431788  0.0274202 
 58225.00  0.029001  0.433072  0.0255329 
 58226.00  0.030149  0.434338  0.0236689 
 58227.00  0.031321  0.435588  0.0219278 
 58228.00  0.032514  0.436821  0.0203300 
 58229.00  0.033730  0.438036  0.0187815 
 58230.00  0.034967  0.439234  0.0172643 
 58231.00  0.036226  0.440413  0.0157256 
 58232.00  0.037505  0.441573  0.0141071 
 58233.00  0.038805  0.442714  0.0124013 
 58234.00  0.040125  0.443836  0.0106351 
 58235.00  0.041465  0.444939  0.0088496 
 58236.00  0.042824  0.446021  0.0070711 
 58237.00  0.044202  0.447083  0.0053347 
 58238.00  0.045598  0.448125  0.0036922 
 58239.00  0.047013  0.449145  0.0022099 
 58240.00  0.048445  0.450145  0.0008535 
 58241.00  0.049895  0.451122 -0.0004252 
 58242.00  0.051362  0.452078 -0.0016135 
 58243.00  0.052845  0.453012 -0.0027233 
 58244.00  0.054344  0.453924 -0.0037708 
 58245.00  0.055859  0.454813 -0.0048153 
 58246.00  0.057388  0.455679 -0.0059020 
 58247.00  0.058933  0.456522 -0.0070730 
 58248.00  0.060492  0.457342 -0.0083814 
 58249.00  0.062064  0.458138 -0.0098403 
 58250.00  0.063650  0.458910 -0.0114106 
 58251.00  0.065249  0.459658 -0.0130305 
 58252.00  0.066860  0.460381 -0.0146797 
 58253.00  0.068482  0.461080 -0.0162574 
 58254.00  0.070117  0.461755 -0.0176891 
 58255.00  0.071762  0.462404 -0.0189974 
 58256.00  0.073418  0.463029 -0.0202432 
 58257.00  0.075083  0.463628 -0.0214789 
 58258.00  0.076758  0.464201 -0.0227466 
 58259.00  0.078443  0.464749 -0.0240877 
 58260.00  0.080135  0.465271 -0.0254932 
 58261.00  0.081836  0.465767 -0.0269675 
 58262.00  0.083544  0.466237 -0.0284864 
 58263.00  0.085259  0.466680 -0.0300065 
 58264.00  0.086980  0.467098 -0.0314792 
 58265.00  0.088708  0.467488 -0.0328432 
 58266.00  0.090441  0.467852 -0.0340548 
 58267.00  0.092179  0.468190 -0.0350604 
 58268.00  0.093921  0.468500 -0.0358852 
 58269.00  0.095667  0.468784 -0.0365820 
 58270.00  0.097417  0.469040 -0.0371548 
 58271.00  0.099170  0.469270 -0.0376185 
 58272.00  0.100925  0.469472 -0.0380092 
 58273.00  0.102681  0.469647 -0.0383869 
 58274.00  0.104440  0.469795 -0.0388011 
 58275.00  0.106199  0.469915 -0.0392766 
 58276.00  0.107958  0.470008 -0.0398823 
 58277.00  0.109717  0.470074 -0.0406680 
 58278.00  0.111475  0.470112 -0.0415833 
 58279.00  0.113232  0.470123 -0.0425671 
 58280.00  0.114987  0.470107 -0.0435356 
 58281.00  0.116740  0.470063 -0.0444046 
 58282.00  0.118490  0.469992 -0.0451408 
 58283.00  0.120237  0.469893 -0.0457273 
 58284.00  0.121980  0.469767 -0.0462186 
 58285.00  0.123719  0.469613 -0.0467299 
 58286.00  0.125452  0.469433 -0.0473594 
 58287.00  0.127180  0.469225 -0.0481021 
 58288.00  0.128903  0.468990 -0.0489395 
 58289.00  0.130619  0.468728 -0.0499039 
 58290.00  0.132328  0.468439 -0.0509594 
 58291.00  0.134029  0.468123 -0.0519519 
 58292.00  0.135723  0.467780 -0.0528241 
 58293.00  0.137408  0.467410 -0.0535644 
 58294.00  0.139084  0.467014 -0.0542017 
 58295.00  0.140751  0.466592 -0.0547423 
 58296.00  0.142408  0.466142 -0.0552032 
 58297.00  0.144054  0.465667 -0.0556156 
 58298.00  0.145689  0.465166 -0.0559278 
 58299.00  0.147313  0.464639 -0.0561635 
